        5092        7581  0.1428570    
        5092       10095  0.1428570    
        5092        5276  0.1428570    
        5092        8270  0.1428570    
        5092        5102  0.1428570    
        5093        5090  0.5000000    
        5093        5091  0.7500000    
        5093        5092  0.5000000    
        5093        5067  0.7500000    
        5093        5102  0.2500000    
        5093        5258  0.2500000    
        5093        6967  0.5000000    
        5093        6968  0.5000000    
        5093        7720   1.000000    
        5093        7721   1.500000    
        5093        7917  0.5000000    
        5094          24   1.000000    
        5095        3781  0.5000000    
        5095        5096  0.5000000    
        5096        5095  0.5000000    
        5096        3781  0.5000000    
        5096        7104  0.7500000    
        5096        6571  0.7500000    
        5096        9208  0.2500000    
        5096        9209  0.2500000    
        5097        1002   1.000000    
        5098        5099  0.3250000    
        5098        3894  0.3250000    
        5098        5100  0.5250000    
        5098        1697  0.3250000    
        5098        1698  0.3250000    
        5098        4460  0.3333330    
        5098        5101  0.3333330    
        5098        4661  0.3333330    
        5098        9228  0.1250000    
        5098        9229  0.1250000    
        5098        9230  0.1250000    
        5098        7497  0.2000000    
        5098        7357  0.2000000    
        5098       10907  0.2000000    
        5098       10908  0.2000000    
        5098        3696  0.2000000    
        5098       13635  0.2000000    
        5098       14328  0.2000000    
        5098        7280  0.2000000    
        5098        7358  0.2000000    
        5099        5098  0.3250000    
        5099        3894  0.7750000    
        5099        5100  0.3250000    
        5099        1697  0.3250000    
        5099        1698  0.3250000    
        5099        5117  0.2000000    
        5099        4038  0.2000000    
        5099        5118  0.3250000    
        5099        5119  0.2000000    
        5099        6042  0.2500000    
        5099        6043  0.7261900    
        5099        6044   1.559520    
        5099        6242  0.3750000    
        5099        6243  0.1250000    
        5099        6244  0.1250000    
        5099        5422  0.1250000    
        5099        6245  0.1250000    
        5099        3696  0.1250000    
        5099        6246  0.1250000    
        5099        7058  0.3333330    
        5099        7328  0.5000000    
        5099        9228  0.1250000    
        5099        9229  0.1250000    
        5099        9230  0.1250000    
        5099       10472  0.1428570    
        5099       10473  0.1428570    
        5099       10474  0.1428570    
        5099       10475  0.1428570    
        5099        1812  0.1428570    
        5099        2723  0.2500000    
        5099       11661  0.2500000    
        5099       11662  0.2500000    
        5099        9971  0.2500000    
        5099       13950  0.3333330    
        5099       10998  0.3333330    
        5099       14125  0.2500000    
        5099       14126  0.2500000    
        5099        4661  0.2500000    
        5100        5098  0.5250000    
        5100        5099  0.3250000    
        5100        3894  0.6500000    
        5100        1697  0.3250000    
        5100        1698  0.3250000    
        5100        5112  0.3333330    
        5100        3896   1.791670    
        5100        5113  0.3333330    
        5100        3897   1.458330    
        5100        7605  0.5928570    
        5100        4661  0.7178570    
        5100        6091  0.2000000    
        5100        7606  0.2000000    
        5100        6505  0.3928570    
        5100        6245  0.3928570    
        5100        3893  0.1250000    
        5100        3895  0.1250000    
        5100        5149  0.1250000    
        5100        4038  0.1250000    
        5100        8203  0.3333330    
        5100        9228  0.1250000    
        5100        9229  0.1250000    
        5100        9230  0.1250000    
        5100         649  0.1428570    
        5100       10377  0.1428570    
        5100        2031  0.1428570    
        5100       13635  0.2000000    
        5100       14328  0.2000000    
        5100        7280  0.2000000    
        5100        7358  0.2000000    
        5101        5098  0.3333330    
        5101        4460  0.3333330    
        5101        4661  0.3333330    
        5102        5103   1.000000    
        5102        5067   1.726190    
        5102        5091  0.7261900    
        5102        5258   2.750000    
        5102        5093  0.2500000    
        5102        6329   3.166670    
        5102        6330   1.333330    
        5102        5066  0.3333330    
        5102        7581  0.1428570    
        5102       10095  0.1428570    
        5102        5276  0.1428570    
        5102        8270  0.1428570    
        5102        5092  0.1428570    
        5102       11062  0.6666670    
        5102       11063  0.3333330    
        5103        5102   1.000000    
        5104        5105  0.3333330    
        5104         911  0.3333330    
        5104         909  0.3333330    
        5105        5104  0.3333330    
        5105         911  0.3333330    
        5105         909  0.3333330    
        5106        2265  0.2500000    
        5106        2290  0.2500000    
        5106         258  0.2500000    
        5106        5107   1.333330    
        5106        5468  0.7500000    
        5106        3608   1.000000    
        5106        5647  0.4166670    
        5106        5648  0.1666670    
        5106        5649  0.1666670    
        5106         554  0.1666670    
        5106        1267   1.166670    
        5106        6165  0.3333330    
        5106        3317  0.5000000    
        5106       12603  0.2500000    
        5106       12604  0.5833330    
        5106       12680  0.3333330    
        5106       12681  0.5833330    
        5106       13962  0.2500000    
        5106       13963  0.2500000    
        5107        2265  0.2500000    
        5107        2290  0.2500000    
        5107         258  0.2500000    
        5107        5106   1.333330    
        5107        5468  0.7500000    
        5107        6165  0.3333330    
        5107        3608  0.3333330    
        5107        6612   1.000000    
        5107        9523   1.000000    
        5107        9524   1.000000    
        5107       11209   3.000000    
        5107       12603  0.2500000    
        5107       12604  0.2500000    
        5108         379  0.2500000    
        5108        5109  0.2500000    
        5108        4301  0.2500000    
        5108        5110  0.2500000    
        5109         379  0.5769230    
        5109        5108  0.2500000    
        5109        4301  0.3269230    
        5109        5110  0.5769230    
        5109        5182  7.6923102E-02
        5109        5183  7.6923102E-02
        5109        5184  7.6923102E-02
        5109        5185  7.6923102E-02
        5109        5186  7.6923102E-02
        5109        5187  7.6923102E-02
        5109        5188  7.6923102E-02
        5109        5189  7.6923102E-02
        5109        5190  7.6923102E-02
        5109        5191  7.6923102E-02
        5109       13193  0.2500000    
        5109        4038  0.2500000    
        5110         379  0.5769230    
        5110        5108  0.2500000    
        5110        5109  0.5769230    
        5110        4301  0.3269230    
        5110        5182  7.6923102E-02
        5110        5183  7.6923102E-02
        5110        5184  7.6923102E-02
        5110        5185  7.6923102E-02
        5110        5186  7.6923102E-02
        5110        5187  7.6923102E-02
        5110        5188  7.6923102E-02
        5110        5189  7.6923102E-02
        5110        5190  7.6923102E-02
        5110        5191  7.6923102E-02
        5110        5874  0.2500000    
        5110        5875  0.2500000    
        5110        5876  0.2500000    
        5110        5877  0.2500000    
        5110       13193  0.2500000    
        5110        4038  0.2500000    
        5111        3412   1.950000    
        5111        5114  0.7833330    
        5111        5115  0.3333330    
        5111        5116  0.7833330    
        5111        6828  0.4500000    
        5111        7507   1.200000    
        5111       13562  0.5000000    
        5112        5100  0.3333330    
        5112        3896  0.3333330    
        5112        5113  0.3333330    
        5113        5100  0.3333330    
        5113        5112  0.3333330    
        5113        3896  0.3333330    
        5114        5111  0.7833330    
        5114        5115  0.3333330    
        5114        5116  0.7833330    
        5114        3412  0.4500000    
        5114        6828  0.4500000    
        5114        7507  0.2000000    
        5115        5114  0.3333330    
        5115        5111  0.3333330    
        5115        5116  0.3333330    
        5116        5114  0.7833330    
        5116        5111  0.7833330    
        5116        5115  0.3333330    
        5116        3412  0.4500000    
        5116        6828  0.4500000    
        5116        7507  0.2000000    
        5116        7969  0.5000000    
        5116         285  0.5000000    
        5117        3894  0.2000000    
        5117        4038  0.2000000    
        5117        5118  0.2000000    
        5117        5099  0.2000000    
        5117        5119  0.2000000    
        5118        5117  0.2000000    
        5118        3894  0.7000000    
        5118        4038  0.2000000    
        5118        5099  0.3250000    
        5118        5119  0.2000000    
        5118        5420  0.2500000    
        5118        5421  0.2500000    
        5118        5422  0.3750000    
        5118        6242  0.1250000    
        5118        6243  0.1250000    
        5118        6244  0.1250000    
        5118        6245  0.1250000    
        5118        3696  0.1250000    
        5118        6246  0.1250000    
        5118        4039  0.2500000    
        5118        7741  0.2500000    
        5118        1013  0.2500000    
        5119        5117  0.2000000    
        5119        3894  0.2000000    
        5119        4038  0.2000000    
        5119        5118  0.2000000    
        5119        5099  0.2000000    
        5120        9538  0.5000000    
        5120        2266  0.5000000    
        5120        5044   1.000000    
        5121        1051   1.000000    
        5122         527  0.5000000    
        5122        3162  0.5000000    
        5123        3394   1.000000    
        5124         419  0.5333330    
        5124        1824  0.5333330    
        5124        5041  0.3333330    
        5124        1677  0.2000000    
        5124       12517  0.2000000    
        5124       12518  0.2000000    
        5125        1385   1.000000    
        5126        5127   2.500000    
        5126        5128   2.500000    
        5127        5126   2.500000    
        5127        5128   2.500000    
        5128        5126   2.500000    
        5128        5127   2.500000    
        5128          81  0.5000000    
        5128        5485  0.5000000    
        5128       12564   3.000000    
        5129        1052   1.000000    
        5129        4467   1.000000    
        5129        6566   1.000000    
        5129        4578   1.000000    
        5130        5131   1.000000    
        5131        5130   1.000000    
        5132        5133   1.000000    
        5132        5871   1.000000    
        5133        5132   1.000000    
        5133        2942   2.000000    
        5133        5923   1.000000    
        5133        7624   1.000000    
        5133        8284   2.000000    
        5133        5354   1.000000    
        5133       11740  0.5000000    
        5133         216  0.5000000    
        5133       12594   2.000000    
        5133       12597   1.000000    
        5133       13939   1.000000    
        5134        7050   1.000000    
        5134        8817   1.000000    
        5134       12671   1.000000    
        5135        5136   2.500000    
        5135        7105  0.5000000    
        5136        5135   2.500000    
        5136        5203  0.6666670    
        5136        5204  0.6666670    
        5136        5205  0.6666670    
        5136        7105  0.5000000    
        5136       10555   2.000000    
        5137        2185   2.000000    
        5138        5139  0.1666670    
        5138        5140  0.1666670    
        5138        5141  0.1666670    
        5138        5142  0.1666670    
        5138        2435  0.1666670    
        5138        2320  0.1666670    
        5139        5138  0.1666670    
        5139        5140  0.1666670    
        5139        5141  0.1666670    
        5139        5142  0.1666670    
        5139        2435  0.1666670    
        5139        2320  0.1666670    
        5139        2748  0.3333330    
        5139        3316  0.3333330    
        5139        2747   1.166670    
        5139       11064  0.3333330    
        5139       11065  0.3333330    
        5139       14601  0.5000000    
        5140        5138  0.1666670    
        5140        5139  0.1666670    
        5140        5141  0.1666670    
        5140        5142  0.1666670    
        5140        2435  0.1666670    
        5140        2320  0.1666670    
        5141        5138  0.1666670    
        5141        5139  0.1666670    
        5141        5140  0.1666670    
        5141        5142  0.1666670    
        5141        2435  0.1666670    
        5141        2320  0.1666670    
        5141       12448  0.4500000    
        5141       12449  0.4500000    
        5141       12450  0.4500000    
        5141        5300  0.4500000    
        5141       12451  0.2000000    
        5142        5138  0.1666670    
        5142        5139  0.1666670    
        5142        5140  0.1666670    
        5142        5141  0.1666670    
        5142        2435  0.1666670    
        5142        2320  0.1666670    
        5143        5144  0.1666670    
        5143        3039  0.1666670    
        5143        5145  0.1666670    
        5143        4285  0.1666670    
        5143        4038  0.1666670    
        5143        3677  0.1666670    
        5144        5143  0.1666670    
        5144        3039  0.4583330    
        5144        5145  0.4583330    
        5144        4285  0.3333330    
        5144        4038  0.3333330    
        5144        3677  0.1666670    
        5144        9235  0.4861110    
        5144        1532  0.3611110    
        5144        5187  0.2361110    
        5144        5476  0.2361110    
        5144        5190  0.2361110    
        5144        8500  0.1250000    
        5144        6435  0.1250000    
        5144        9236  0.1250000    
        5144        1226  0.1111110    
        5144       10582  0.1111110    
        5144        9712  0.1111110    
        5144       10583  0.1111110    
        5144        9350  0.1250000    
        5144       14144  0.1250000    
        5144       14145  0.1250000    
        5144        9351  0.1250000    
        5144       14146  0.1250000    
        5144        5189  0.1250000    
        5144       14561  0.1250000    
        5144       14562  0.1250000    
        5144        4661  0.1250000    
        5144       13636  0.1250000    
        5144        1811  0.1250000    
        5144       15509  0.1666670    
        5144       15521  0.1666670    
        5145        5143  0.1666670    
        5145        5144  0.4583330    
        5145        3039  0.7083330    
        5145        4285  0.3333330    
        5145        4038  0.3333330    
        5145        3677  0.1666670    
        5145        7278  0.2500000    
        5145        4711  0.2500000    
        5145       11833  0.2500000    
        5145       12682  0.3333330    
        5145         366  0.3333330    
        5145        1013  0.3333330    
        5145        9350  0.1250000    
        5145       14144  0.1250000    
        5145       14145  0.1250000    
        5145        9351  0.1250000    
        5145        9235  0.1250000    
        5145       14146  0.1250000    
        5145       14835  0.1111110    
        5145        1422  0.1111110    
        5145       14836  0.1111110    
        5145       10167  0.1111110    
        5145       14837  0.1111110    
        5145       14838  0.1111110    
        5145       14839  0.1111110    
        5145       14840  0.1111110    
        5145       14841  0.1111110    
        5145       15509  0.1666670    
        5145       15521  0.1666670    
        5146        2129  0.8333330    
        5146         615  0.3333330    
        5146        5147  0.8333330    
        5147        5146  0.8333330    
        5147        2129  0.8333330    
        5147         615  0.3333330    
        5147        5672  0.3333330    
        5147        2581  0.3333330    
        5147        5564  0.3333330    
        5147       13254  0.9166670    
        5147       12279  0.9166670    
        5147        4196  0.5833330    
        5147        8107  0.2500000    
        5147        5873  0.3333330    
        5148        1033   1.000000    
        5149        3893  0.2916670    
        5149        3894  0.2916670    
        5149        3896  0.2916670    
        5149        3895  0.2916670    
        5149        4038  0.2916670    
        5149        4661  0.2916670    
        5149        5100  0.1250000    
        5149        3897  0.1250000    
        5149        9140  0.5333330    
        5149        9141  0.2000000    
        5149        9142  0.3666670    
        5149        9143  0.5333330    
        5149        7280   1.100000    
        5149        4671  0.2000000    
        5149         523  0.2000000    
        5149        1858  0.2000000    
        5149        9355  0.2000000    
        5149        9356  0.2000000    
        5149       14309  0.1666670    
        5149        9235  0.1666670    
        5149         786  0.1666670    
        5149       14146  0.1666670    
        5149       14819  0.2000000    
        5149       14820  0.2000000    
        5149        9015  0.2000000    
        5149       14821  0.2000000    
        5149       12711  0.5000000    
        5149       12712  0.5000000    
        5149       15509  0.2000000    
        5149       15510  0.2000000    
        5149        6716  0.2000000    
        5149       15511  0.2000000    
        5150        5151  0.2000000    
        5150        5152  0.2000000    
        5150        5153  0.2000000    
        5150        5154  0.2000000    
        5150        5155  0.2000000    
        5151        5150  0.2000000    
        5151        5152  0.2000000    
        5151        5153  0.2000000    
        5151        5154  0.2000000    
        5151        5155  0.2000000    
        5152        5150  0.2000000    
        5152        5151  0.2000000    
        5152        5153  0.2000000    
        5152        5154  0.2000000    
        5152        5155  0.2000000    
        5152        8573   1.000000    
        5152       10991  0.1666670    
        5152       10992  0.1666670    
        5152       10993  0.1666670    
        5152       10994  0.1666670    
        5152       10995  0.1666670    
        5152        2098  0.1666670    
        5153        5150  0.2000000    
        5153        5151  0.2000000    
        5153        5152  0.2000000    
        5153        5154  0.2000000    
        5153        5155  0.2000000    
        5153        6046  0.3333330    
        5153        6047  0.3333330    
        5153        6048  0.3333330    
        5153       13651  0.5000000    
        5153        7654  0.5000000    
        5154        5150  0.2000000    
        5154        5151  0.2000000    
        5154        5152  0.2000000    
        5154        5153  0.2000000    
        5154        5155  0.2000000    
        5155        5150  0.2000000    
        5155        5151  0.2000000    
        5155        5152  0.2000000    
        5155        5153  0.2000000    
        5155        5154  0.2000000    
        5156        1535  0.5000000    
        5156        5157   1.500000    
        5156        1562   1.000000    
        5156         761   2.000000    
        5156        1324  0.5000000    
        5156         265  0.5000000    
        5156       11058  0.3333330    
        5156        3090  0.3333330    
        5156        1849  0.3333330    
        5157        5156   1.500000    
        5157        1535  0.5000000    
        5157        6448   2.500000    
        5157        5772  0.5000000    
        5157        2944  0.5000000    
        5157        6559   1.000000    
        5157         215   1.500000    
        5158        5662   2.000000    
        5158       14106  0.3333330    
        5158        7371  0.3333330    
        5158        7370  0.3333330    
        5159        2983   3.500000    
        5159        5160  0.5000000    
        5160        5159  0.5000000    
        5160        2983  0.5000000    
        5161        4031  0.2500000    
        5161        4861  0.2500000    
        5161        5162  0.2500000    
        5161        5163  0.2500000    
        5162        5161  0.2500000    
        5162        4031  0.2500000    
        5162        4861  0.2500000    
        5162        5163  0.2500000    
        5163        5161  0.2500000    
        5163        4031  0.2500000    
        5163        4861  0.2500000    
        5163        5162  0.2500000    
        5164         184   1.333330    
        5164        1317  0.5000000    
        5164        8476  0.5000000    
        5164         183  0.3333330    
        5164       14151  0.3333330    
        5164        1262  0.1428570    
        5164       15015  0.1428570    
        5164       10679  0.1428570    
        5164       11638  0.1428570    
        5164       15016  0.1428570    
        5164       15017  0.1428570    
        5164       10680  0.1428570    
        5165        3014  0.5000000    
        5165        5166  0.5000000    
        5166        3014  0.5000000    
        5166        5165  0.5000000    
        5166        9517  0.3333330    
        5166        9518  0.3333330    
        5166        8370  0.3333330    
        5167        5168   1.000000    
        5168        5167   1.000000    
        5168       15346   1.000000    
        5169        1712  0.6524130    
        5169         208  0.6524130    
        5169        1716  0.6524130    
        5169        1715  0.6524130    
        5169        1714  0.6524130    
        5169        1717  0.6524130    
        5169        1719  0.6524130    
        5169        1720  0.6524130    
        5169        7613  0.2588240    
        5169        7614  0.2588240    
        5169       11080  0.2024130    
        5169        8259  7.6923102E-02
        5169       10464  0.2024130    
        5169        8545  0.2024130    
        5169        2117  0.2024130    
        5169       13401  5.8823500E-02
        5169       13402  5.8823500E-02
        5169       13403  5.8823500E-02
        5169       14783  6.6666700E-02
        5169       14784  6.6666700E-02
        5169        6606  6.6666700E-02
        5170         463   4.000000    
        5170        1477   1.000000    
        5170        1478  0.2500000    
        5170        3196  0.2500000    
        5170        3197  0.2500000    
        5170         975  0.2500000    
        5171        5172  0.5000000    
        5171        1932   2.833330    
        5171        1608  0.3333330    
        5171        5821  0.3333330    
        5171       11717   1.000000    
        5172        5171  0.5000000    
        5172        1932  0.5000000    
        5173        1240   3.000000    
        5174        4557   1.250000    
        5174        4558  0.7500000    
        5174        6134  0.3333330    
        5174        6135  0.3333330    
        5174        6136  0.3333330    
        5174        6487  0.2500000    
        5174        6488  0.7500000    
        5175        5176   1.833330    
        5175       10175  0.3333330    
        5175       10176  0.6666670    
        5175        6058  0.3333330    
        5175       10914  0.5000000    
        5175       12599  0.3333330    
        5176        5175   1.833330    
        5176       10914  0.5000000    
        5176       12599  0.3333330    
        5176       10176  0.3333330    
        5176        1849  0.5000000    
        5176         190  0.5000000    
        5178        3078   4.500000    
        5178        5851  0.5000000    
        5178        2609  0.2000000    
        5178        7189  0.2000000    
        5178        9076  0.2000000    
        5178        3076  0.2000000    
        5178        1507  0.2000000    
        5179        2558  0.6666670    
        5179        2556  0.6666670    
        5179        2557  0.6666670    
        5180        2347   2.000000    
        5180         252   4.000000    
        5181        2072   1.200000    
        5181        5422  0.2000000    
        5181       11934  0.2000000    
        5181       11935  0.2000000    
        5181        8120  0.2000000    
        5182        5183  0.3547010    
        5182        5184  7.6923102E-02
        5182        4301  7.6923102E-02
        5182         379  7.6923102E-02
        5182        5110  7.6923102E-02
        5182        5185  7.6923102E-02
        5182        5186  7.6923102E-02
        5182        5187  0.1880340    
        5182        5188  0.3547010    
        5182        5109  7.6923102E-02
        5182        5189  0.3547010    
        5182        5190  7.6923102E-02
        5182        5191  7.6923102E-02
        5182        7115  0.2777780    
        5182        1948  0.1666670    
        5182        1380  0.1666670    
        5182        1379  0.1666670    
        5182        7116  0.2777780    
        5182        7117  0.1666670    
        5182        7118  0.1666670    
        5182        7119  0.1666670    
        5182        7120  8.3333299E-02
        5182        7121  0.1944440    
        5182        7122  0.1111110    
        5182        7123  0.1111110    
        5183        5182  0.3547010    
        5183        5184  7.6923102E-02
        5183        4301  7.6923102E-02
        5183         379  7.6923102E-02
        5183        5110  7.6923102E-02
        5183        5185  7.6923102E-02
        5183        5186  7.6923102E-02
        5183        5187  0.1880340    
        5183        5188  0.3547010    
        5183        5109  7.6923102E-02
        5183        5189  0.5908120    
        5183        5190  7.6923102E-02
        5183        5191  7.6923102E-02
        5183        7115  0.5138890    
        5183        1948  0.2777780    
        5183        1380  0.2777780    
        5183        1379  0.4027780    
        5183        7116  0.5138890    
        5183        7117  0.1666670    
        5183        7118  0.2916670    
        5183        7119  0.2916670    
        5183        7120  8.3333299E-02
        5183        7121  0.3055560    
        5183        7122  0.1111110    
        5183        7123  0.1111110    
        5183        9611  0.1250000    
        5183        9612  0.1250000    
        5183       13470  0.1111110    
        5183        1532  0.1111110    
        5184        5182  7.6923102E-02
        5184        5183  7.6923102E-02
        5184        4301  7.6923102E-02
        5184         379  7.6923102E-02
        5184        5110  7.6923102E-02
        5184        5185  7.6923102E-02
        5184        5186  7.6923102E-02
        5184        5187  7.6923102E-02
        5184        5188  7.6923102E-02
        5184        5109  7.6923102E-02
        5184        5189  7.6923102E-02
        5184        5190  7.6923102E-02
        5184        5191  7.6923102E-02
        5185        5182  7.6923102E-02
        5185        5183  7.6923102E-02
        5185        5184  7.6923102E-02
        5185        4301  7.6923102E-02
        5185         379  7.6923102E-02
        5185        5110  7.6923102E-02
        5185        5186  7.6923102E-02
        5185        5187  7.6923102E-02
        5185        5188  7.6923102E-02
        5185        5109  7.6923102E-02
        5185        5189  7.6923102E-02
        5185        5190  7.6923102E-02
        5185        5191  7.6923102E-02
        5185        8000  0.1666670    
        5185        7018  0.1666670    
        5185        9709  0.1666670    
        5185        9710  0.1666670    
        5185        9711  0.1666670    
        5185        9712  0.1666670    
        5185       12394   1.000000    
        5186        5182  7.6923102E-02
        5186        5183  7.6923102E-02
        5186        5184  7.6923102E-02
        5186        4301  7.6923102E-02
        5186         379  0.2197800    
        5186        5110  7.6923102E-02
        5186        5185  7.6923102E-02
        5186        5187  0.2197800    
        5186        5188  7.6923102E-02
        5186        5109  7.6923102E-02
        5186        5189  7.6923102E-02
        5186        5190  0.2197800    
        5186        5191  0.2197800    
        5186        5477  0.1428570    
        5186        7347  0.1428570    
        5186        5479  0.1428570    
        5187        5182  0.1880340    
        5187        5183  0.1880340    
        5187        5184  7.6923102E-02
        5187        4301  7.6923102E-02
        5187         379  0.3031140    
        5187        5110  7.6923102E-02
        5187        5185  7.6923102E-02
        5187        5186  0.2197800    
        5187        5188  0.1880340    
        5187        5109  7.6923102E-02
        5187        5189  0.1880340    
        5187        5190  0.7015620    
        5187        5191  0.2197800    
        5187        5475  0.2456710    
        5187        5476  0.4817820    
        5187        5477  0.2976190    
        5187        5478  0.2456710    
        5187        5479  0.3885280    
        5187        5480  7.1428597E-02
        5187        5481  7.1428597E-02
        5187        4463  7.1428597E-02
        5187        1848  7.1428597E-02
        5187        1842  7.1428597E-02
        5187        5482  7.1428597E-02
        5187        5483  7.1428597E-02
        5187        1846  7.1428597E-02
        5187        7115  0.1111110    
        5187        7121  0.1111110    
        5187        7116  0.1111110    
        5187        7122  0.1111110    
        5187        7123  0.1111110    
        5187        7306  8.3333299E-02
        5187        1422  8.3333299E-02
        5187        7307  8.3333299E-02
        5187        7308  8.3333299E-02
        5187        7309  8.3333299E-02
        5187        7347  0.1428570    
        5187        9235  0.2361110    
        5187        1532  0.2361110    
        5187        5144  0.2361110    
        5187        8500  0.1250000    
        5187        6435  0.1250000    
        5187        9236  0.1250000    
        5187       10282  9.0909101E-02
        5187        1187  9.0909101E-02
        5187       10283  9.0909101E-02
        5187       10284  9.0909101E-02
        5187          25  9.0909101E-02
        5187          52  9.0909101E-02
        5187        1226  0.1111110    
        5187       10582  0.1111110    
        5187        9712  0.1111110    
        5187       10583  0.1111110    
        5188        5182  0.3547010    
        5188        5183  0.3547010    
        5188        5184  7.6923102E-02
        5188        4301  7.6923102E-02
        5188         379  7.6923102E-02
        5188        5110  7.6923102E-02
        5188        5185  7.6923102E-02
        5188        5186  7.6923102E-02
        5188        5187  0.1880340    
        5188        5109  7.6923102E-02
        5188        5189  0.3547010    
        5188        5190  7.6923102E-02
        5188        5191  7.6923102E-02
        5188        7115  0.2777780    
        5188        1948  0.1666670    
        5188        1380  0.1666670    
        5188        1379  0.1666670    
        5188        7116  0.2777780    
        5188        7117  0.1666670    
        5188        7118  0.1666670    
        5188        7119  0.1666670    
        5188        7120  8.3333299E-02
        5188        7121  0.1944440    
        5188        7122  0.1111110    
        5188        7123  0.1111110    
        5188       12716  0.4333330    
        5188        7998  0.4333330    
        5188        8000  0.4333330    
        5188       12718  0.4333330    
        5188        1006  0.4333330    
        5188       12717  0.3333330    
        5188        6278  0.1000000    
        5188        6279  0.1000000    
        5188       13378  0.1000000    
        5188       13379  0.1000000    
        5188       13380  0.1000000    
        5189        5182  0.3547010    
        5189        5183  0.5908120    
        5189        5184  7.6923102E-02
        5189        4301  7.6923102E-02
        5189         379  7.6923102E-02
        5189        5110  7.6923102E-02
        5189        5185  7.6923102E-02
        5189        5186  7.6923102E-02
        5189        5187  0.1880340    
        5189        5188  0.3547010    
        5189        5109  7.6923102E-02
        5189        5190  7.6923102E-02
        5189        5191  7.6923102E-02
        5189        7115  0.5138890    
        5189        1948  0.2777780    
        5189        1380  0.2777780    
        5189        1379  0.4027780    
        5189        7116  0.5138890    
        5189        7117  0.1666670    
        5189        7118  0.2916670    
        5189        7119  0.2916670    
        5189        7120  8.3333299E-02
        5189        7121  0.3055560    
        5189        7122  0.1111110    
        5189        7123  0.4444440    
        5189        9611  0.1250000    
        5189        9612  0.1250000    
        5189       10396  0.3333330    
        5189        9142  0.3333330    
        5189       13470  0.1111110    
        5189        1532  0.2361110    
        5189        9235  0.1250000    
        5189        5144  0.1250000    
        5189       14561  0.1250000    
        5189       14562  0.1250000    
        5189        4661  0.1250000    
        5189       13636  0.1250000    
        5189        1811  0.1250000    
        5190        5182  7.6923102E-02
        5190        5183  7.6923102E-02
        5190        5184  7.6923102E-02
        5190        4301  7.6923102E-02
        5190         379  0.3031140    
        5190        5110  7.6923102E-02
        5190        5185  7.6923102E-02
        5190        5186  0.2197800    
        5190        5187  0.7015620    
        5190        5188  7.6923102E-02
        5190        5109  7.6923102E-02
        5190        5189  7.6923102E-02
        5190        5191  0.2197800    
        5190        5475  0.2456710    
        5190        5476  0.4817820    
        5190        5477  0.2976190    
        5190        5478  0.2456710    
        5190        5479  0.3885280    
        5190        5480  7.1428597E-02
        5190        5481  7.1428597E-02
        5190        4463  7.1428597E-02
        5190        1848  7.1428597E-02
        5190        1842  7.1428597E-02
        5190        5482  7.1428597E-02
        5190        5483  7.1428597E-02
        5190        1846  7.1428597E-02
        5190        4574   1.000000    
        5190        7306  8.3333299E-02
        5190        1422  8.3333299E-02
        5190        7307  8.3333299E-02
        5190        7308  8.3333299E-02
        5190        7309  8.3333299E-02
        5190        7347  0.1428570    
        5190        9235  0.2361110    
        5190        1532  0.2361110    
        5190        5144  0.2361110    
        5190        8500  0.1250000    
        5190        6435  0.1250000    
        5190        9236  0.1250000    
        5190       10282  9.0909101E-02
        5190        1187  9.0909101E-02
        5190       10283  9.0909101E-02
        5190       10284  9.0909101E-02
        5190          25  9.0909101E-02
        5190          52  9.0909101E-02
        5190        1226  0.1111110    
        5190       10582  0.1111110    
        5190        9712  0.1111110    
        5190       10583  0.1111110    
        5191        5182  7.6923102E-02
        5191        5183  7.6923102E-02
        5191        5184  7.6923102E-02
        5191        4301  7.6923102E-02
        5191         379  0.2197800    
        5191        5110  7.6923102E-02
        5191        5185  7.6923102E-02
        5191        5186  0.2197800    
        5191        5187  0.2197800    
        5191        5188  7.6923102E-02
        5191        5109  7.6923102E-02
        5191        5189  7.6923102E-02
        5191        5190  0.2197800    
        5191        5477  0.1428570    
        5191        7347  0.1428570    
        5191        5479  0.1428570    
        5192        3732  0.3333330    
        5192        5193   1.333330    
        5192        4277  0.3333330    
        5193        3732  0.3333330    
        5193        5192   1.333330    
        5193        4277  0.3333330    
        5194        2391   3.000000    
        5194        2832   2.000000    
        5194        6247   1.000000    
        5194        5944  0.7000000    
        5194        8729  0.7000000    
        5194       10260   2.000000    
        5194        4439  0.5000000    
        5194       12593   1.500000    
        5194        5668  0.2000000    
        5194         469  0.2000000    
        5194        1814  0.2000000    
        5195         381   2.000000    
        5195        4459   2.000000    
        5195        8141  0.5000000    
        5195         394  0.5000000    
        5196        1077   2.000000    
        5196        2502   3.833330    
        5196        8988  0.8333330    
        5196        8194  0.3333330    
        5197        1554  0.5000000    
        5197        1746   1.500000    
        5197         276   1.000000    
        5197       14196   1.000000    
        5198         718  0.5000000    
        5198        3898  0.5000000    
        5199         750   1.000000    
        5199        6164  0.2000000    
        5199        6802  0.2000000    
        5199        4266  0.2000000    
        5199        6163  0.2000000    
        5199         920  0.2000000    
        5200        1514  0.3333330    
        5200        3611  0.3333330    
        5200        3612  0.3333330    
        5201        5202   2.833330    
        5201        6355   1.500000    
        5201       13851  0.3333330    
        5201          20  0.3333330    
        5202        5201   2.833330    
        5202        6355   1.500000    
        5202       10026   1.000000    
        5202       10663  0.5000000    
        5202       10664  0.5000000    
        5202       13851  0.3333330    
        5202          20  0.3333330    
        5203        5204  0.6666670    
        5203        5205  0.6666670    
        5203        5136  0.6666670    
        5204        5203  0.6666670    
        5204        5205  0.6666670    
        5204        5136  0.6666670    
        5205        5203  0.6666670    
